E	N	Z
2757542.69	1220752.55	459.71
2757542.81325631	1220752.74090676	459.720625633572
2757542.90227285	1220752.87878091	459.728229145943
2757543.00003965	1220753.03020799	459.736534919514
2757543.13519111	1220753.23953868	459.747874792446
2757543.24130198	1220753.40388955	459.756652769898
2757543.32820243	1220753.53848617	459.763787394675
2757543.44035979	1220753.71220222	459.772914809688
2757543.57270811	1220753.91719122	459.783511953867
2757543.66645361	1220754.06238988	459.790910656543
2757543.75805223	1220754.20426331	459.798090311874
2757543.8874705	1220754.40471408	459.808089132459
2757544.00387745	1220754.58501215	459.816911119858
2757544.09133745	1220754.72047543	459.823456679436
2757544.19388769	1220754.87931138	459.831060637987
2757544.32974536	1220755.08973589	459.840932517717
2757544.43069456	1220755.24609207	459.848115283774
2757544.51857467	1220755.38220604	459.854304323939
2757544.6371026	1220755.5657892	459.862523208496
2757544.76483816	1220755.7636337	459.871159429097
2757544.85559507	1220755.90420344	459.877172269426
2757544.9504988	1220756.05119603	459.883393228538
2757545.08391268	1220756.25783544	459.891930046216
2757545.19431651	1220756.42883551	459.898790247361
2757545.28118494	1220756.56338253	459.904096912226
2757545.38891234	1220756.73023719	459.91057141113
2757545.52357291	1220756.93880755	459.918404981615
2757545.6203207	1220757.08865632	459.923859772983
2757545.70996036	1220757.22749561	459.928839583026
2757545.83484884	1220757.42093036	459.935588851311
2757545.95661166	1220757.60952392	459.941908530289
2757546.045326	1220757.74693001	459.946379854157
2757546.14404796	1220757.89983649	459.951265557016
2757546.279527	1220758.10967455	459.957696215471
2757546.38478114	1220758.27269848	459.96246139752
2757546.47187748	1220758.40759851	459.966306723333
2757546.58499163	1220758.58279647	459.971147987903
2757546.71688077	1220758.78707429	459.976480645496
2757546.81031511	1220758.93179099	459.980070370946
2757546.90232601	1220759.07430298	459.983517758359
2757547.03224766	1220759.27553344	459.988128708797
2757547.14819786	1220759.45512405	459.99195015904
2757547.23569031	1220759.59063759	459.994694676205
2757547.3385923	1220759.75001837	459.99780088833
2757547.47448213	1220759.96049269	460.001564427436
2757547.57536918	1220760.11675259	460.00410699723
2757547.66337099	1220760.25305506	460.006220246183
2757547.78198129	1220760.43676581	460.008857988311
2757547.90979547	1220760.63473208	460.011343192502
2757548.00068783	1220760.7755116	460.012913059386
2757548.09556225	1220760.9224588	460.014445562497
2757548.22888884	1220761.12896301	460.016270664339
2757548.33964857	1220761.30051432	460.017465871224
2757548.42661458	1220761.43521249	460.018261631122
2757548.53399542	1220761.60153037	460.019081071336
2757548.66886347	1220761.81042209	460.01971168781
2757548.76604255	1220761.96093886	460.019899594288
2757548.84792835	1220762.1103858	460.01998139964
2757548.91439778	1220762.29719132	460.01990297739
2757548.98950865	1220762.50828271	460.019671949185
2757549.06411586	1220762.71795863	460.019294499902
2757549.13019969	1220762.90368047	460.018842659956
2757549.19111585	1220763.0748791	460.018338132994
2757549.25148858	1220763.24455049	460.017761854649
2757549.31607569	1220763.42606593	460.017058772289
2757549.38860071	1220763.62989007	460.016155771369
2757549.46525866	1220763.84532939	460.015070877017
2757549.53342844	1220764.03691357	460.01399798289
2757549.5953379	1220764.21090375	460.012943425249
2757549.65536793	1220764.37961201	460.011855658933
2757549.71836111	1220764.55664789	460.010645546274
2757549.78843287	1220764.75357739	460.009211454763
2757549.86569744	1220764.97072156	460.007521497471
2757549.93616856	1220765.1687734	460.005884496298
2757549.99940608	1220765.34649598	460.004344177217
2757550.05946553	1220765.51528692	460.002826121265
2757550.12118307	1220765.68873775	460.001212701341
2757550.18898809	1220765.87929681	459.999374291995
2757550.26540402	1220766.09405595	459.997217906117
2757550.33834682	1220766.2990542	459.995079186566
2757550.40322031	1220766.48137451	459.993116135125
2757550.463679	1220766.65128746	459.991241455638
2757550.52446185	1220766.82211143	459.989316418047
2757550.59022855	1220767.006942	459.987186695758
2757550.66441508	1220767.21543564	459.984724234113
2757550.73990298	1220767.42758665	459.98215594887
2757550.80668816	1220767.61527957	459.979835282423
2757550.86790656	1220767.78732761	459.977673352136
2757550.92811129	1220767.95652685	459.975518765195
2757550.99210474	1220768.13637387	459.973198010369
2757551.06375888	1220768.33775049	459.970561324124
2757551.14078954	1220768.55423726	459.967684374347
2757551.20972564	1220768.74797511	459.96507631873
2757551.27204859	1220768.92312738	459.962695503219
2757551.33204076	1220769.09172922	459.960386612076
2757551.39455725	1220769.26742541	459.957964054091
2757551.46383319	1220769.46211835	459.955260385152
2757551.54097135	1220769.67890725	459.952228814187
2757551.61225762	1220769.87925001	459.949411302735
2757551.67600872	1220770.05841593	459.946882147677
2757551.7361565	1220770.22745511	459.944490414122
2757551.79751811	1220770.39990565	459.942046426337
2757551.86461255	1220770.58846768	459.939371096508
2757551.94042521	1220770.8015314	459.936347707705
2757552.01421812	1220771.0089188	459.933408475204
2757552.0796946	1220771.19293375	459.930806670825
2757552.20336175	1220771.30738464	459.928403187952
2757552.35964701	1220771.39415149	459.925967665511
2757552.53654219	1220771.4923606	459.923148453384
2757552.74157324	1220771.60619026	459.919788749796
2757552.92629989	1220771.70874727	459.916676692864
2757553.08627407	1220771.79756215	459.9139212731
2757553.23957418	1220771.88267169	459.911235638705
2757553.40648604	1220771.97533824	459.908258999446
2757553.60279279	1220772.08432432	459.904677299529
2757553.80036797	1220772.19401461	459.900981285955
2757553.96812485	1220772.28715031	459.897773764037
2757554.12156679	1220772.37233859	459.894791726717
2757554.28093685	1220772.46081807	459.891648371515
2757554.46452069	1220772.56274061	459.887960052138
2757554.66983095	1220772.67672528	459.883743113345
2757554.84774265	1220772.77549875	459.880010914539
2757555.00443299	1220772.86249049	459.876669854053
2757555.15907548	1220772.9483453	459.873328960225
2757555.33152307	1220773.0440852	459.869547333093
2757555.53416635	1220773.15658921	459.865018151057
2757555.72407929	1220773.26202556	459.860688494142
2757555.88694569	1220773.35244614	459.8569136122
2757556.0399011	1220773.43736431	459.853323919968
2757556.20336125	1220773.52811453	459.849439897873
2757556.39426999	1220773.63410374	459.844831032245
2757556.59626252	1220773.74624646	459.839865143481
2757556.76790627	1220773.84154007	459.835574724942
2757556.9222849	1220773.92724839	459.831667237597
2757557.07934855	1220774.01444739	459.827648705176
2757557.2581618	1220774.11372139	459.823013329668
2757557.4636387	1220774.22779857	459.817599476223
2757557.64620577	1220774.32915662	459.812710897777
2757557.80502961	1220774.41733285	459.808403019817
2757557.95859479	1220774.50258955	459.80419575909
2757558.12712898	1220774.59615679	459.799527828276
2757558.32580331	1220774.70645731	459.793947131612
2757558.52088033	1220774.81476067	459.788383201826
2757558.68693161	1220774.90694944	459.783584048106
2757558.8400545	1220774.9919606	459.779114302294
2757559.000629	1220775.08110876	459.774383128413
2757559.18657112	1220775.18434058	459.768839296158
2757559.3911582	1220775.29792375	459.762653173097
2757559.56684215	1220775.39546041	459.757269700057
2757559.72258227	1220775.48192461	459.752448229806
2757559.87789804	1220775.56815321	459.747599139751
2757560.05245266	1220775.66506289	459.742095149291
2757560.25649586	1220775.77834411	459.735579825273
2757560.4437246	1220775.88229024	459.729523377695
2757560.60499211	1220775.97182315	459.724250761601
2757560.75799296	1220776.05676655	459.719207429696
2757560.92316364	1220776.14846643	459.713717032243
2757561.11691169	1220776.25603196	459.70720630122
2757561.31670479	1220776.3669536	459.700409615345
2757561.4861177	1220776.46100869	459.694582461769
2757561.63984153	1220776.54635348	459.689250795507
2757561.79807999	1220776.63420471	459.683721774052
2757561.97954388	1220776.7349503	459.677322578705
2757562.18511203	1220776.84907814	459.669991059032
2757562.3648703	1220776.9488768	459.663508734685
2757562.52229811	1220777.03627797	459.657782087204
2757562.67637807	1220777.12182047	459.652138251046
2757562.84720643	1220777.21666139	459.645831966306
2757563.04850893	1220777.32842103	459.638325515113
2757563.24029151	1220777.43489537	459.631096960837
2757563.40420181	1220777.52589551	459.624862356804
2757563.55707907	1220777.61077029	459.619007151448
2757563.71942571	1220777.70090231	459.612747232053
2757563.90860647	1220777.80593217	459.60538907726
2757564.1115982	1220777.91862963	459.597413456811
2757564.28443404	1220778.01458507	459.590558452166
2757564.43910003	1220778.10045293	459.584379984371
2757564.59551261	1220778.18729047	459.578093506483
2757564.77301239	1220778.28583525	459.570906613425
2757564.97821769	1220778.39976165	459.562520452825
2757565.16197251	1220778.50177911	459.554940207775
2757565.32130891	1220778.5902399	459.548317395542
2757565.47460036	1220778.67534464	459.541908273311
2757565.64223116	1220778.76841033	459.53485516584
2757565.83981982	1220778.87810811	459.526472927745
2757566.03593919	1220778.98699016	459.518077408147
2757566.20258058	1220779.07950655	459.510886895132
2757566.35569015	1220779.16451031	459.50424060192
2757566.51572058	1220779.25335641	459.497255075506
2757566.70082956	1220779.35612568	459.489117403125
2757566.90563991	1220779.46983282	459.480036711072
2757567.08185113	1220779.56766221	459.472160137478
2757567.23770202	1220779.6541879	459.465149669363
2757567.39274248	1220779.74026366	459.458139489635
2757567.56679586	1220779.83689506	459.45022176672
2757567.77059397	1220779.95004021	459.440878717812
2757567.95816768	1220780.05417786	459.432209918436
2757568.11952841	1220780.14376252	459.42470266253
2757568.27240223	1220780.2286354	459.417553854282
2757568.43734101	1220780.32020653	459.409800238461
2757568.63088888	1220780.42766093	459.400639385246
2757568.83073147	1220780.53861004	459.391107070614
2757569.00008744	1220780.63263352	459.382972187139
2757569.15369461	1220780.71791354	459.37555468336
2757569.31186946	1220780.80572946	459.36788051321
2757569.49341322	1220780.90651938	459.359020500575
2757569.69893238	1220781.02062003	459.348917439333
2757569.87837363	1220781.12024268	459.340033337473
2757570.03555377	1220781.20750635	459.332207679087
2757570.18960881	1220781.29303502	459.324503195428
2757570.36071918	1220781.38803251	459.315902225244
2757570.56237346	1220781.49998745	459.305699114878
2757570.75350337	1220781.60609944	459.295960597871
2757570.91690458	1220781.69681694	459.287585314987
2757571.06964998	1220781.78161852	459.27972085529
2757571.23236479	1220781.87195494	459.271305759199
2757571.42235858	1220781.97743617	459.261423154279
2757571.62475342	1220782.08980226	459.250824754258
2757571.79671294	1220782.18527118	459.24176402252
2757571.95099259	1220782.27092455	459.233596411726
2757572.10771547	1220782.35793436	459.225265668768
2757572.28619512	1220782.45702314	459.215731099358
2757572.4915907	1220782.57105518	459.204689989228
2757572.67403263	1220782.67234376	459.194821141802
2757572.8325933	1220782.76037387	459.186200937758
2757572.98597778	1220782.84553026	459.177829266967
2757573.15462098	1220782.93915802	459.168585012635
2757573.35369235	1220783.04967897	459.157611320972
2757573.54804674	1220783.15758113	459.146831807104
2757573.71341467	1220783.24939052	459.137611013462
2757573.86623949	1220783.33423619	459.129055302951
2757574.02715189	1220783.42357195	459.120012308497
2757574.21408957	1220783.52735648	459.109455009555
